ans =

 Columns 1 through 13:

   6222.1   6222.1   6222.1   6222.1   6222.1   6222.1   6222.1   6222.1   6222.1   6222.1   6222.1   6222.1   6222.1

 Columns 14 through 26:

   6222.1   6222.1   6222.1   6222.1   6222.1   6222.1   6222.1   6222.1   6222.1   6222.1   6222.1   6222.1   6222.1

 Columns 27 through 39:

   6222.1   6222.1   6222.1   6222.1   6222.1   6222.1   6222.1   6222.1   6222.1   6222.1   6222.1   6222.1   6222.1

 Columns 40 through 52:

   6222.1   6222.1   6222.1   6222.1   6222.1   6222.1   6222.1   6222.1   6222.1   6222.1   6222.1   6222.1   6222.1

 Columns 53 through 65:

   6222.1   6222.1   6222.1   6222.1   6222.1   6222.1   6222.1   6222.1   6222.1   6222.1   6222.1   6222.1   6222.1

 Columns 66 through 78:

   6222.1   6222.1   6222.1   6222.1   6222.1   6222.1   6222.1   6222.1   6222.1   6222.1   6222.1   6222.1   6222.1

 Columns 79 through 91:

   6222.1   6222.1   6222.1   6222.1   6222.1   6222.1   6222.1   6222.1   6222.1   6222.1   6222.1   6222.1   6222.1

 Columns 92 through 97:

   6222.1   6222.1   6222.1   6222.1   6222.1   6222.1

